99999;335;575;966;604;492;535;1036;874;903;773;636;732;690;657;842;1101;577;581;755;525;1178;494;671;810;690;212;721;779;898;191;617;69;948;901;1016;683;335;1159;377;837;358;675;396;885;192;537;846;743;289;207;709;920;800;721;707;847;423;1079;492;845;628;349;690;895;489;765;267;801;292;477;621;709;782;1043;1069;902;714;246;87;735
335;99999;910;648;635;742;870;752;1209;1238;1045;348;414;936;992;1114;1385;771;699;1090;207;1428;285;550;526;962;150;713;683;660;316;952;404;1198;1236;732;877;424;1409;558;1087;693;1010;187;1220;163;299;1181;459;505;542;729;785;1050;752;389;893;415;1329;523;784;419;112;1025;577;621;1011;580;651;627;671;303;471;1028;759;751;1152;960;210;248;981
575;910;99999;1318;597;256;291;1244;345;328;212;1095;1285;420;169;277;526;397;505;222;1100;684;953;948;1138;144;787;872;1015;1473;766;168;565;454;326;1341;503;521;665;426;343;223;100;855;310;767;1112;367;1202;440;459;828;1083;306;677;1282;675;703;585;643;1008;1079;924;115;1420;479;488;365;1037;336;339;1196;1284;515;1352;1429;341;447;821;662;375
966;648;1318;99999;736;1054;1428;396;1640;1570;1358;356;234;1145;1423;1419;1690;984;828;1517;441;1637;496;370;183;1295;754;546;383;432;947;1373;1035;1407;1640;217;990;812;1618;942;1296;1114;1373;592;1624;811;519;1662;245;891;938;590;439;1259;741;330;896;618;1538;675;476;423;617;1429;230;842;1204;966;305;1114;979;369;426;1173;311;143;1361;1104;814;879;1190
604;635;597;736;99999;333;825;694;938;834;622;641;831;409;762;683;954;248;92;815;699;901;546;366;556;574;584;322;433;1138;681;719;639;671;919;759;254;346;882;312;560;511;652;466;903;508;795;960;748;361;439;278;533;523;131;885;258;220;802;114;458;497;719;708;966;200;468;422;455;615;258;799;981;437;781;847;625;368;644;613;454
492;742;256;1054;333;99999;543;980;597;536;316;892;1082;191;421;385;656;130;241;474;901;683;750;684;874;233;655;608;751;1341;683;420;485;453;578;1077;236;318;664;184;342;258;311;652;562;579;980;619;999;275;347;564;819;305;413;1087;408;439;584;379;744;815;792;367;1217;215;266;225;773;369;75;1001;1152;283;1088;1165;407;215;715;579;236
535;870;291;1428;825;543;99999;1466;339;507;475;1171;1267;683;122;540;702;667;733;220;1060;910;1029;1058;1248;423;747;1100;1166;1433;726;130;466;717;444;1451;773;618;927;572;606;322;363;931;428;727;1072;311;1278;537;544;1056;1307;569;905;1242;945;810;848;871;1232;1163;884;294;1430;684;751;462;1188;374;567;1156;1244;802;1473;1539;604;734;781;622;638
1036;752;1244;396;694;980;1466;99999;1585;1464;1252;404;562;1039;1409;1313;1584;895;739;1462;545;1531;544;408;226;1221;858;372;337;768;1017;1366;1105;1301;1566;207;857;850;1512;950;1190;1152;1299;640;1550;864;641;1607;479;929;976;416;161;1153;567;658;722;656;1432;633;236;461;721;1355;566;838;1071;1004;343;1152;905;598;754;1040;116;341;1255;971;918;949;1084
874;1209;345;1640;938;597;339;1585;99999;296;520;1404;1594;719;269;445;452;738;846;126;1399;660;1262;1270;1460;477;1086;1213;1356;1772;1065;288;805;684;126;1663;844;830;677;767;573;532;408;1164;155;1066;1411;99;1511;749;768;1169;1424;605;1018;1581;1016;1022;631;984;1349;1396;1223;273;1729;820;787;674;1378;641;680;1495;1583;856;1685;1751;510;788;1120;961;674
903;1238;328;1570;834;536;507;1464;296;99999;246;1414;1604;425;395;151;198;658;777;287;1423;406;1272;1200;1390;303;1115;1092;1255;1801;1094;394;893;390;176;1593;670;840;423;706;279;551;228;1174;141;1095;1440;394;1521;768;787;1048;1303;311;897;1609;842;983;377;923;1228;1331;1252;223;1739;759;493;693;1289;664;619;1523;1612;580;1572;1681;216;559;1149;990;380
773;1045;212;1358;622;316;475;1252;520;246;99999;1194;1384;213;353;95;366;446;565;397;1203;477;1052;988;1178;83;957;880;1043;1643;964;352;763;247;420;1381;458;620;458;486;136;421;112;954;385;881;1282;542;1301;577;648;836;1091;99;685;1389;630;763;378;703;1016;1119;1094;251;1519;539;281;526;1077;534;399;1303;1454;368;1360;1469;129;347;1017;860;168
636;348;1095;356;641;892;1171;404;1404;1414;1194;99999;194;1050;1187;1264;1535;889;733;1281;141;1542;144;275;178;1112;454;544;381;501;617;1137;705;1312;1421;384;895;574;1523;708;1201;878;1190;240;1405;464;237;1426;111;655;702;588;437;1164;721;280;866;470;1443;578;474;144;317;1210;329;694;1109;730;303;878;821;194;376;1078;411;472;1266;1009;514;549;1095
732;414;1285;234;831;1082;1267;562;1594;1604;1384;194;99999;1240;1377;1454;1725;1079;923;1471;207;1732;334;465;349;1302;520;712;549;335;713;1327;801;1502;1611;435;1085;764;1713;898;1391;1068;1380;430;1595;577;285;1578;83;845;892;756;605;1354;907;96;1056;660;1633;768;642;334;383;1400;163;884;1299;920;471;1024;1011;135;192;1268;494;337;1456;1199;580;645;1285
690;936;420;1145;409;191;683;1039;719;425;213;1050;1240;99999;561;274;545;233;352;605;1095;492;944;775;965;291;849;667;830;1535;881;560;683;262;599;1168;245;512;473;378;151;456;320;846;564;773;1174;750;1157;469;545;623;878;114;472;1281;417;629;393;523;803;906;986;459;1375;409;157;423;864;567;269;1195;1346;174;1147;1256;216;134;909;777;45
657;992;169;1423;762;421;122;1409;269;395;353;1187;1377;561;99999;418;593;562;670;150;1182;801;1045;1053;1243;301;869;1037;1161;1555;848;51;588;595;374;1446;668;613;806;566;484;314;241;947;358;849;1194;241;1294;532;551;993;1248;447;842;1364;840;805;726;808;1173;1179;1006;172;1512;644;629;457;1183;419;504;1278;1366;680;1468;1534;482;612;903;744;516
842;1114;277;1419;683;385;540;1313;445;151;95;1264;1454;274;418;99999;271;507;626;436;1272;419;1121;1049;1239;152;1026;941;1104;1712;1033;417;832;243;325;1442;519;689;436;555;132;490;177;1023;290;950;1351;543;1370;646;717;897;1152;160;746;1458;691;832;374;772;1077;1180;1163;308;1588;608;342;595;1138;603;468;1372;1523;429;1421;1530;69;408;1086;929;229
1101;1385;526;1690;954;656;702;1584;452;198;366;1535;1725;545;593;271;99999;778;897;482;1543;216;1392;1320;1510;423;1297;1212;1375;1983;1292;592;1091;318;328;1713;790;960;233;826;399;749;426;1294;331;1221;1622;550;1641;917;985;1168;1423;431;1017;1729;962;1103;187;1043;1348;1451;1434;421;1859;879;613;866;1409;862;739;1643;1794;700;1692;1801;336;679;1347;1188;500
577;771;397;984;248;130;667;895;738;658;446;889;1079;233;562;507;778;99999;156;615;919;725;766;614;804;374;684;523;681;1370;768;561;570;495;719;1007;106;347;706;213;384;353;452;681;703;608;1009;760;996;304;386;479;734;347;328;1105;278;440;626;334;659;745;821;508;1214;244;293;310;703;464;104;1019;1181;282;1003;1095;449;193;744;664;278
581;699;505;828;92;241;733;739;846;777;565;733;923;352;670;626;897;156;99999;723;763;844;610;458;648;482;618;367;525;1230;715;627;574;614;827;851;197;281;825;220;503;419;560;530;811;542;859;868;840;296;374;323;578;466;172;949;266;284;745;178;503;589;755;616;1058;108;411;330;547;530;166;863;1045;380;847;939;568;311;678;647;397
755;1090;222;1517;815;474;220;1462;126;287;397;1281;1471;605;150;436;482;615;723;99999;1280;690;1139;1147;1337;354;967;1090;1233;1653;946;165;686;639;224;1540;721;707;707;644;528;409;285;1041;208;947;1292;145;1388;626;645;1046;1301;491;895;1462;893;899;661;861;1226;1273;1104;150;1606;697;673;551;1255;518;557;1376;1464;733;1562;1628;501;665;1001;842;560
525;207;1100;441;699;901;1060;545;1399;1423;1203;141;207;1095;1182;1272;1543;919;763;1280;99999;1587;153;408;319;1121;313;685;522;471;506;1142;594;1357;1426;525;953;583;1568;717;1246;883;1199;249;1410;370;96;1371;252;664;711;729;578;1209;816;186;957;479;1488;587;615;277;176;1215;370;703;1167;739;444;817;830;100;282;1136;552;544;1311;1067;373;438;1140
1178;1428;684;1637;901;683;910;1531;660;406;477;1542;1732;492;801;419;216;725;844;690;1587;99999;1436;1267;1457;555;1341;1159;1322;2027;1369;800;1171;230;536;1660;737;1004;62;870;341;893;584;1338;539;1265;1666;758;1649;961;1033;1115;1370;378;964;1773;909;1121;140;1015;1295;1398;1478;629;1867;901;560;911;1356;1006;761;1687;1838;647;1639;1748;406;626;1401;1265;447
494;285;953;496;546;750;1029;544;1262;1272;1052;144;334;944;1045;1121;1392;766;610;1139;153;1436;99999;267;318;970;342;563;400;624;475;995;563;1206;1279;524;800;432;1417;566;1095;736;1048;98;1263;322;249;1284;251;513;560;592;576;1058;663;339;804;326;1337;434;501;136;319;1068;469;550;1014;588;396;736;679;253;435;983;551;612;1160;914;402;407;989
671;550;948;370;366;684;1058;408;1270;1200;988;275;465;775;1053;1049;1320;614;458;1147;408;1267;267;99999;190;925;607;296;133;772;740;1003;740;1037;1270;393;620;442;1248;572;926;744;1003;363;1254;575;504;1292;382;521;568;325;309;889;446;555;591;248;1168;305;234;131;574;1059;600;472;834;596;155;744;609;469;651;803;415;481;991;734;667;672;820
810;526;1138;183;556;874;1248;226;1460;1390;1178;178;349;965;1243;1239;1510;804;648;1337;319;1457;318;190;99999;1115;632;366;203;615;791;1193;879;1227;1460;206;810;632;1438;762;1116;934;1193;414;1444;638;415;1482;266;711;758;410;259;1079;561;445;716;438;1358;495;296;243;495;1249;413;662;1024;786;125;934;799;372;541;993;233;294;1181;924;692;723;1010
690;962;144;1295;574;233;423;1221;477;303;83;1112;1302;291;301;152;423;374;482;354;1121;555;970;925;1115;99999;874;849;992;1560;881;300;680;325;410;1318;480;537;536;403;214;338;78;871;394;798;1199;499;1218;494;565;805;1060;177;654;1306;652;680;456;620;985;1056;1011;217;1436;456;359;443;1014;451;316;1220;1371;446;1329;1406;212;424;934;777;246
212;150;787;754;584;655;747;858;1086;1115;957;454;520;849;869;1026;1297;684;618;967;313;1341;342;607;632;874;99999;701;740;686;193;829;281;1111;1113;838;790;337;1322;471;1000;570;887;244;1097;76;325;1058;565;418;419;689;891;963;701;495;842;403;1242;472;825;476;137;902;683;534;924;479;736;504;584;409;497;941;865;857;1065;873;64;125;894
721;713;872;546;322;608;1100;372;1213;1092;880;544;712;667;1037;941;1212;523;367;1090;685;1159;563;296;366;849;701;99999;163;978;798;994;790;929;1194;569;485;492;1140;578;818;786;927;544;1178;625;781;1235;629;571;618;44;211;781;195;808;350;298;1060;261;136;427;797;983;776;466;699;646;241;794;533;738;904;668;480;657;883;599;761;730;712
779;683;1015;383;433;751;1166;337;1356;1255;1043;381;549;830;1161;1104;1375;681;525;1233;522;1322;400;133;203;992;740;163;99999;815;856;1111;848;1092;1337;406;648;550;1303;680;981;852;1070;496;1321;683;618;1378;466;629;676;207;176;944;358;645;513;356;1223;372;101;264;698;1126;613;577;862;704;78;852;676;575;741;831;428;494;1046;762;800;788;875
898;660;1473;432;1138;1341;1433;768;1772;1801;1643;501;335;1535;1555;1712;1983;1370;1230;1653;471;2027;624;772;615;1560;686;978;815;99999;879;1515;967;1797;1799;567;1392;1023;2008;1157;1686;1256;1573;720;1783;762;386;1744;390;1104;1105;1022;871;1649;1173;285;1328;950;1928;1058;908;641;549;1588;202;1174;1606;1165;737;1190;1270;371;189;1575;655;427;1751;1506;746;811;1580
191;316;766;947;681;683;726;1017;1065;1094;964;617;713;881;848;1033;1292;768;715;946;506;1369;475;740;791;881;193;798;856;879;99999;808;260;1139;1092;997;874;434;1350;568;1028;549;866;377;1076;173;518;1037;724;480;398;786;997;991;798;688;939;500;1270;569;922;609;330;881;876;631;956;458;869;483;668;602;690;973;1024;1050;1093;905;145;129;926
617;952;168;1373;719;420;130;1366;288;394;352;1137;1327;560;51;417;592;561;627;165;1142;800;995;1003;1193;300;829;994;1111;1515;808;99999;564;594;382;1396;667;563;805;516;483;263;240;897;366;809;1154;292;1244;482;501;950;1205;446;799;1324;839;755;725;765;1130;1129;966;171;1462;600;628;407;1133;368;461;1238;1326;679;1418;1484;481;611;863;704;515
69;404;565;1035;639;485;466;1105;805;893;763;705;801;683;588;832;1091;570;574;686;594;1171;563;740;879;680;281;790;848;967;260;564;99999;941;891;1085;676;328;1152;370;830;348;665;465;875;261;606;777;812;282;200;778;989;793;746;776;840;492;1072;561;914;697;418;680;964;482;758;260;870;235;470;690;778;775;1112;1138;892;707;315;156;728
948;1198;454;1407;671;453;717;1301;684;390;247;1312;1502;262;595;243;318;495;614;639;1357;230;1206;1037;1227;325;1111;929;1092;1797;1139;594;941;99999;564;1430;507;774;211;640;111;663;354;1108;529;1035;1436;782;1419;731;803;885;1140;148;734;1543;679;891;131;785;1065;1168;1248;493;1637;671;330;681;1126;776;531;1457;1608;417;1409;1518;176;396;1171;1035;217
901;1236;326;1640;919;578;444;1566;126;176;420;1421;1611;599;374;325;328;719;827;224;1426;536;1279;1270;1460;410;1113;1194;1337;1799;1092;382;891;564;99999;1663;825;847;553;748;453;549;332;1181;35;1093;1438;224;1528;766;785;1150;1405;485;999;1608;997;1025;507;965;1330;1401;1250;211;1746;801;667;691;1359;662;661;1522;1610;754;1674;1751;390;733;1147;988;554
1016;732;1341;217;759;1077;1451;207;1663;1593;1381;384;435;1168;1446;1442;1713;1007;851;1540;525;1660;524;393;206;1318;838;569;406;567;997;1396;1085;1430;1663;99999;1013;835;1641;965;1319;1137;1396;620;1647;844;621;1685;352;914;961;613;360;1282;764;531;919;641;1561;698;435;446;701;1452;365;865;1227;989;328;1137;1002;570;627;1196;94;140;1384;1127;898;929;1213
683;877;503;990;254;236;773;857;844;670;458;895;1085;245;668;519;790;106;197;721;953;737;800;620;810;480;790;485;648;1392;874;667;676;507;825;1013;99999;453;718;319;396;459;558;720;809;714;1049;866;1002;410;492;441;696;359;290;1139;183;474;638;368;621;751;927;614;1220;301;214;416;709;570;210;1053;1235;183;965;1101;461;114;850;770;290
335;424;521;812;346;318;618;850;830;840;620;574;764;512;613;689;960;347;281;707;583;1004;432;442;632;537;337;492;550;1023;434;563;328;774;847;835;453;99999;985;134;663;304;616;334;831;261;662;852;681;81;128;480;691;626;453;769;547;194;905;263;616;566;474;636;899;197;587;156;572;304;247;683;834;604;857;923;728;536;397;366;557
1159;1409;665;1618;882;664;927;1512;677;423;458;1523;1713;473;806;436;233;706;825;707;1568;62;1417;1248;1438;536;1322;1140;1303;2008;1350;805;1152;211;553;1641;718;985;99999;851;322;874;565;1319;556;1246;1647;775;1630;942;1014;1096;1351;359;945;1754;890;1102;121;996;1276;1379;1459;646;1848;882;541;892;1337;987;742;1668;1819;628;1620;1729;387;607;1382;1246;428
377;558;426;942;312;184;572;950;767;706;486;708;898;378;566;555;826;213;220;644;717;870;566;572;762;403;471;578;680;1157;568;516;370;640;748;965;319;134;851;99999;529;258;482;468;733;395;796;790;815;91;173;534;789;492;392;903;486;324;771;317;714;700;608;538;1033;112;453;110;702;321;113;817;968;470;987;1053;594;402;531;464;423
837;1087;343;1296;560;342;606;1190;573;279;136;1201;1391;151;484;132;399;384;503;528;1246;341;1095;926;1116;214;1000;818;981;1686;1028;483;830;111;453;1319;396;663;322;529;99999;552;243;997;418;924;1325;671;1308;620;692;774;1029;37;623;1432;568;780;242;674;954;1057;1137;382;1526;560;219;570;1015;665;420;1346;1497;306;1298;1407;65;285;1060;924;106
358;693;223;1114;511;258;322;1152;532;551;421;878;1068;456;314;490;749;353;419;409;883;893;736;744;934;338;570;786;852;1256;549;263;348;663;549;1137;459;304;874;258;552;99999;323;638;533;550;895;554;985;223;242;742;993;515;591;1065;631;496;794;557;918;870;707;338;1203;370;531;148;874;119;253;979;1067;548;1159;1225;550;480;604;445;501
675;1010;100;1373;652;311;363;1299;408;228;112;1190;1380;320;241;177;426;452;560;285;1199;584;1048;1003;1193;78;887;927;1070;1573;866;240;665;354;332;1396;558;616;565;482;243;323;99999;949;316;867;1212;430;1296;540;559;883;1138;206;732;1382;730;758;485;698;1063;1134;1024;139;1514;534;388;465;1092;436;394;1296;1384;475;1407;1484;241;454;921;762;275
396;187;855;592;466;652;931;640;1164;1174;954;240;430;846;947;1023;1294;681;530;1041;249;1338;98;363;414;871;244;544;496;720;377;897;465;1108;1181;620;720;334;1319;468;997;638;949;99999;1165;224;345;1186;347;415;462;560;672;960;583;435;724;246;1239;354;597;232;271;970;565;470;921;490;492;638;581;349;531;903;647;708;1062;834;304;309;891
885;1220;310;1624;903;562;428;1550;155;141;385;1405;1595;564;358;290;331;703;811;208;1410;539;1263;1254;1444;394;1097;1178;1321;1783;1076;366;875;529;35;1647;809;831;556;733;418;533;316;1165;99999;1077;1422;253;1512;750;769;1134;1389;450;983;1592;981;1009;510;949;1314;1385;1234;195;1730;785;632;675;1343;646;645;1506;1594;719;1658;1735;355;698;1131;972;519
192;163;767;811;508;579;727;864;1066;1095;881;464;577;773;849;950;1221;608;542;947;370;1265;322;575;638;798;76;625;683;762;173;809;261;1035;1093;844;714;261;1246;395;924;550;867;224;1077;99999;401;1038;571;342;389;613;824;887;625;552;766;327;1166;396;749;456;213;882;740;458;848;417;705;484;508;466;573;865;871;914;989;797;136;105;818
537;299;1112;519;795;980;1072;641;1411;1440;1282;237;285;1174;1194;1351;1622;1009;859;1292;96;1666;249;504;415;1199;325;781;618;386;518;1154;606;1436;1438;621;1049;662;1647;796;1325;895;1212;345;1422;401;99999;1383;348;743;744;825;674;1288;912;227;1053;575;1567;683;711;373;188;1227;448;799;1249;804;540;829;909;150;197;1232;648;622;1390;1163;385;450;1219
846;1181;367;1662;960;619;311;1607;99;394;542;1426;1578;750;241;543;550;760;868;145;1371;758;1284;1292;1482;499;1058;1235;1378;1744;1037;292;777;782;224;1685;866;852;775;790;671;554;430;1186;253;1038;1383;99999;1533;771;790;1191;1446;636;1040;1553;1038;1044;729;1006;1371;1418;1195;295;1741;842;818;696;1400;660;702;1467;1555;878;1707;1773;608;810;1092;933;705
743;459;1202;245;748;999;1278;479;1511;1521;1301;111;83;1157;1294;1370;1641;996;840;1388;252;1649;251;382;266;1218;565;629;466;390;724;1244;812;1419;1528;352;1002;681;1630;815;1308;985;1296;347;1512;571;348;1533;99999;762;809;673;522;1271;824;179;973;577;1550;685;559;251;428;1317;218;801;1216;837;388;985;928;218;275;1185;411;388;1373;1116;625;656;1202
289;505;440;891;361;275;537;929;749;768;577;655;845;469;532;646;917;304;296;626;664;961;513;521;711;494;418;571;629;1104;480;482;282;731;766;914;410;81;942;91;620;223;540;415;750;342;743;771;762;99999;82;554;770;583;468;850;562;273;862;337;695;647;555;555;980;203;544;75;651;258;204;764;915;561;936;1002;685;493;478;376;514
207;542;459;938;439;347;544;976;768;787;648;702;892;545;551;717;985;386;374;645;711;1033;560;568;758;565;419;618;676;1105;398;501;200;803;785;961;492;128;1014;173;692;242;559;462;769;389;744;790;809;82;99999;606;817;655;546;897;640;320;934;389;742;694;556;574;1027;285;620;122;698;176;286;811;916;637;983;1049;757;569;453;294;590
709;729;828;590;278;564;1056;416;1169;1048;836;588;756;623;993;897;1168;479;323;1046;729;1115;592;325;410;805;689;44;207;1022;786;950;778;885;1150;613;441;480;1096;534;774;742;883;560;1134;613;825;1191;673;554;606;99999;255;737;151;852;306;314;1016;217;180;456;813;939;820;422;655;629;285;782;489;782;948;624;524;701;839;555;749;718;668
920;785;1083;439;533;819;1307;161;1424;1303;1091;437;605;878;1248;1152;1423;734;578;1301;578;1370;576;309;259;1060;891;211;176;871;997;1205;989;1140;1405;360;696;691;1351;789;1029;993;1138;672;1389;824;674;1446;522;770;817;255;99999;992;406;701;561;497;1271;472;75;440;754;1194;669;677;910;845;254;993;744;631;797;879;269;494;1094;810;951;929;923
800;1050;306;1259;523;305;569;1153;605;311;99;1164;1354;114;447;160;431;347;466;491;1209;378;1058;889;1079;177;963;781;944;1649;991;446;793;148;485;1282;359;626;359;492;37;515;206;960;450;887;1288;636;1271;583;655;737;992;99999;586;1395;531;743;279;637;917;1020;1100;345;1489;523;182;533;978;628;383;1309;1460;269;1261;1370;102;248;1023;887;69
721;752;677;741;131;413;905;567;1018;897;685;721;907;472;842;746;1017;328;172;895;816;964;663;446;561;654;701;195;358;1173;798;799;746;734;999;764;290;453;945;392;623;591;732;583;983;625;912;1040;824;468;546;151;406;586;99999;1001;155;337;865;229;331;577;836;788;971;280;504;502;436;702;338;915;1097;473;675;852;688;404;761;730;517
707;389;1282;330;885;1087;1242;658;1581;1609;1389;280;96;1281;1364;1458;1729;1105;949;1462;186;1773;339;555;445;1306;495;808;645;285;688;1324;776;1543;1608;531;1139;769;1754;903;1432;1065;1382;435;1592;552;227;1553;179;850;897;852;701;1395;1001;99999;1143;665;1674;773;738;424;358;1397;259;889;1353;925;567;999;1016;86;96;1322;590;433;1497;1253;555;620;1326
847;893;675;896;258;408;945;722;1016;842;630;866;1056;417;840;691;962;278;266;893;957;909;804;591;716;652;842;350;513;1328;939;839;840;679;997;919;183;547;890;486;568;631;730;724;981;766;1053;1038;973;562;640;306;561;531;155;1143;99999;478;810;372;486;722;977;786;1126;374;397;588;591;742;382;1057;1239;366;830;1007;633;297;902;871;462
423;415;703;618;220;439;810;656;1022;983;763;470;660;629;805;832;1103;440;284;899;479;1121;326;248;438;680;403;298;356;950;500;755;492;891;1025;641;474;194;1102;324;780;496;758;246;1009;327;575;1044;577;273;320;314;497;743;337;665;478;99999;1022;108;422;379;499;814;795;224;688;348;378;496;364;579;761;657;663;729;845;588;463;432;674
1079;1329;585;1538;802;584;848;1432;631;377;378;1443;1633;393;726;374;187;626;745;661;1488;140;1337;1168;1358;456;1242;1060;1223;1928;1270;725;1072;131;507;1561;638;905;121;771;242;794;485;1239;510;1166;1567;729;1550;862;934;1016;1271;279;865;1674;810;1022;99999;916;1196;1299;1379;600;1768;802;461;812;1257;907;662;1588;1739;548;1540;1649;307;527;1302;1166;348
492;523;643;675;114;379;871;633;984;923;703;578;768;523;808;772;1043;334;178;861;587;1015;434;305;495;620;472;261;372;1058;569;765;561;785;965;698;368;263;996;317;674;557;698;354;949;396;683;1006;685;337;389;217;472;637;229;773;372;108;916;99999;397;436;607;754;903;205;582;412;394;565;304;687;869;551;720;786;739;482;532;501;568
845;784;1008;476;458;744;1232;236;1349;1228;1016;474;642;803;1173;1077;1348;659;503;1226;615;1295;501;234;296;985;825;136;101;908;922;1130;914;1065;1330;435;621;616;1276;714;954;918;1063;597;1314;749;711;1371;559;695;742;180;75;917;331;738;486;422;1196;397;99999;365;791;1119;706;602;835;770;179;918;669;668;834;804;344;569;1019;735;885;854;848
628;419;1079;423;497;815;1163;461;1396;1331;1119;144;334;906;1179;1180;1451;745;589;1273;277;1398;136;131;243;1056;476;427;264;641;609;1129;697;1168;1401;446;751;566;1379;700;1057;870;1134;232;1385;456;373;1418;251;647;694;456;440;1020;577;424;722;379;1299;436;365;99999;443;1190;469;603;965;722;260;870;740;338;520;934;468;534;1122;865;536;541;951
349;112;924;617;719;792;884;721;1223;1252;1094;317;383;986;1006;1163;1434;821;755;1104;176;1478;319;574;495;1011;137;797;698;549;330;966;418;1248;1250;701;927;474;1459;608;1137;707;1024;271;1234;213;188;1195;428;555;556;813;754;1100;836;358;977;499;1379;607;791;443;99999;1039;546;671;1061;616;620;641;721;272;360;1078;728;720;1202;1010;197;262;1031
690;1025;115;1429;708;367;294;1355;273;223;251;1210;1400;459;172;308;421;508;616;150;1215;629;1068;1059;1249;217;902;983;1126;1588;881;171;680;493;211;1452;614;636;646;538;382;338;139;970;195;882;1227;295;1317;555;574;939;1194;345;788;1397;786;814;600;754;1119;1190;1039;99999;1535;590;527;480;1148;451;450;1311;1399;614;1463;1540;375;558;936;777;414
895;577;1420;230;966;1217;1430;566;1729;1739;1519;329;163;1375;1512;1588;1859;1214;1058;1606;370;1867;469;600;413;1436;683;776;613;202;876;1462;964;1637;1746;365;1220;899;1848;1033;1526;1203;1514;565;1730;740;448;1741;218;980;1027;820;669;1489;971;259;1126;795;1768;903;706;469;546;1535;99999;1019;1434;1055;535;1187;1146;298;355;1403;453;225;1591;1334;743;808;1420
489;621;479;842;200;215;684;838;820;759;539;694;884;409;644;608;879;244;108;697;703;901;550;472;662;456;534;466;577;1174;631;600;482;671;801;865;301;197;882;112;560;370;534;470;785;458;799;842;801;203;285;422;677;523;280;889;374;224;802;205;602;603;671;590;1019;99999;484;222;599;433;140;803;985;484;887;953;625;415;594;563;454
765;1011;488;1204;468;266;751;1071;787;493;281;1109;1299;157;629;342;613;293;411;673;1167;560;1014;834;1024;359;924;699;862;1606;956;628;758;330;667;1227;214;587;541;453;219;531;388;921;632;848;1249;818;1216;544;620;655;910;182;504;1353;397;688;461;582;835;965;1061;527;1434;484;99999;498;923;642;344;1267;1421;87;1179;1315;284;100;984;852;113
267;580;365;966;422;225;462;1004;674;693;526;730;920;423;457;595;866;310;330;551;739;911;588;596;786;443;479;646;704;1165;458;407;260;681;691;989;416;156;892;110;570;148;465;490;675;417;804;696;837;75;122;629;845;533;502;925;588;348;812;412;770;722;616;480;1055;222;498;99999;726;211;210;839;976;515;1011;1077;635;447;513;354;468
801;651;1037;305;455;773;1188;343;1378;1289;1077;303;471;864;1183;1138;1409;703;547;1255;444;1356;396;155;125;1014;736;241;78;737;869;1133;870;1126;1359;328;709;572;1337;702;1015;874;1092;492;1343;705;540;1400;388;651;698;285;254;978;436;567;591;378;1257;394;179;260;620;1148;535;599;923;726;99999;874;698;497;663;892;350;416;1080;823;796;801;909
292;627;336;1114;615;369;374;1152;641;664;534;878;1024;567;419;603;862;464;530;518;817;1006;736;744;934;451;504;794;852;1190;483;368;235;776;662;1137;570;304;987;321;665;119;436;638;646;484;829;660;985;258;176;782;993;628;702;999;742;496;907;565;918;870;641;451;1187;433;642;211;874;99999;364;913;1001;659;1159;1225;663;591;538;379;612
477;671;339;979;258;75;567;905;680;619;399;821;1011;269;504;468;739;104;166;557;830;761;679;609;799;316;584;533;676;1270;668;461;470;531;661;1002;210;247;742;113;420;253;394;581;645;508;909;702;928;204;286;489;744;383;338;1016;382;364;662;304;669;740;721;450;1146;140;344;210;698;364;99999;930;1081;361;1013;1090;485;293;644;564;314
621;303;1196;369;799;1001;1156;598;1495;1523;1303;194;135;1195;1278;1372;1643;1019;863;1376;100;1687;253;469;372;1220;409;738;575;371;602;1238;690;1457;1522;570;1053;683;1668;817;1346;979;1296;349;1506;466;150;1467;218;764;811;782;631;1309;915;86;1057;579;1588;687;668;338;272;1311;298;803;1267;839;497;913;930;99999;182;1236;605;472;1411;1167;469;534;1240
709;471;1284;426;981;1152;1244;754;1583;1612;1454;376;192;1346;1366;1523;1794;1181;1045;1464;282;1838;435;651;541;1371;497;904;741;189;690;1326;778;1608;1610;627;1235;834;1819;968;1497;1067;1384;531;1594;573;197;1555;275;915;916;948;797;1460;1097;96;1239;761;1739;869;834;520;360;1399;355;985;1421;976;663;1001;1081;182;99999;1418;686;529;1562;1349;557;622;1391
782;1028;515;1173;437;283;802;1040;856;580;368;1078;1268;174;680;429;700;282;380;733;1136;647;983;803;993;446;941;668;831;1575;973;679;775;417;754;1196;183;604;628;470;306;548;475;903;719;865;1232;878;1185;561;637;624;879;269;473;1322;366;657;548;551;804;934;1078;614;1403;484;87;515;892;659;361;1236;1418;99999;1148;1284;371;89;1001;869;200
1043;759;1352;311;781;1088;1473;116;1685;1572;1360;411;494;1147;1468;1421;1692;1003;847;1562;552;1639;551;415;233;1329;865;480;428;655;1024;1418;1112;1409;1674;94;965;857;1620;987;1298;1159;1407;647;1658;871;648;1707;411;936;983;524;269;1261;675;590;830;663;1540;720;344;468;728;1463;453;887;1179;1011;350;1159;1013;605;686;1148;99999;228;1363;1079;925;956;1192
1069;751;1429;143;847;1165;1539;341;1751;1681;1469;472;337;1256;1534;1530;1801;1095;939;1628;544;1748;612;481;294;1406;857;657;494;427;1050;1484;1138;1518;1751;140;1101;923;1729;1053;1407;1225;1484;708;1735;914;622;1773;388;1002;1049;701;494;1370;852;433;1007;729;1649;786;569;534;720;1540;225;953;1315;1077;416;1225;1090;472;529;1284;228;99999;1472;1215;917;982;1301
902;1152;341;1361;625;407;604;1255;510;216;129;1266;1456;216;482;69;336;449;568;501;1311;406;1160;991;1181;212;1065;883;1046;1751;1093;481;892;176;390;1384;461;728;387;594;65;550;241;1062;355;989;1390;608;1373;685;757;839;1094;102;688;1497;633;845;307;739;1019;1122;1202;375;1591;625;284;635;1080;663;485;1411;1562;371;1363;1472;99999;350;1125;989;171
714;960;447;1104;368;215;734;971;788;559;347;1009;1199;134;612;408;679;193;311;665;1067;626;914;734;924;424;873;599;762;1506;905;611;707;396;733;1127;114;536;607;402;285;480;454;834;698;797;1163;810;1116;493;569;555;810;248;404;1253;297;588;527;482;735;865;1010;558;1334;415;100;447;823;591;293;1167;1349;89;1079;1215;350;99999;933;801;179
246;210;821;814;644;715;781;918;1120;1149;1017;514;580;909;903;1086;1347;744;678;1001;373;1401;402;667;692;934;64;761;800;746;145;863;315;1171;1147;898;850;397;1382;531;1060;604;921;304;1131;136;385;1092;625;478;453;749;951;1023;761;555;902;463;1302;532;885;536;197;936;743;594;984;513;796;538;644;469;557;1001;925;917;1125;933;99999;159;954
87;248;662;879;613;579;622;949;961;990;860;549;645;777;744;929;1188;664;647;842;438;1265;407;672;723;777;125;730;788;811;129;704;156;1035;988;929;770;366;1246;464;924;445;762;309;972;105;450;933;656;376;294;718;929;887;730;620;871;432;1166;501;854;541;262;777;808;563;852;354;801;379;564;534;622;869;956;982;989;801;159;99999;822
735;981;375;1190;454;236;638;1084;674;380;168;1095;1285;45;516;229;500;278;397;560;1140;447;989;820;1010;246;894;712;875;1580;926;515;728;217;554;1213;290;557;428;423;106;501;275;891;519;818;1219;705;1202;514;590;668;923;69;517;1326;462;674;348;568;848;951;1031;414;1420;454;113;468;909;612;314;1240;1391;200;1192;1301;171;179;954;822;99999